303.1500000000 0.0000001571
307.7142424242 0.0000001649
312.2784848485 0.0000001714
316.8427272727 0.0000001767
321.4069696970 0.0000001810
325.9712121212 0.0000001842
330.5354545455 0.0000001866
335.0996969697 0.0000001881
339.6639393939 0.0000001888
344.2281818182 0.0000001888
348.7924242424 0.0000001882
353.3566666667 0.0000001870
357.9209090909 0.0000001852
362.4851515152 0.0000001830
367.0493939394 0.0000001804
371.6136363636 0.0000001774
376.1778787879 0.0000001741
380.7421212121 0.0000001705
385.3063636364 0.0000001667
389.8706060606 0.0000001627
394.4348484848 0.0000001586
398.9990909091 0.0000001544
403.5633333333 0.0000001501
408.1275757576 0.0000001457
412.6918181818 0.0000001414
417.2560606061 0.0000001370
421.8203030303 0.0000001327
426.3845454545 0.0000001284
430.9487878788 0.0000001242
435.5130303030 0.0000001200
440.0772727273 0.0000001160
444.6415151515 0.0000001120
449.2057575758 0.0000001082
453.7700000000 0.0000001045
458.3342424242 0.0000001008
462.8984848485 0.0000000973
467.4627272727 0.0000000939
472.0269696970 0.0000000906
476.5912121212 0.0000000874
481.1554545455 0.0000000843
485.7196969697 0.0000000812
490.2839393939 0.0000000782
494.8481818182 0.0000000752
499.4124242424 0.0000000722
503.9766666667 0.0000000692
508.5409090909 0.0000000661
513.1051515152 0.0000000629
517.6693939394 0.0000000597
522.2336363636 0.0000000562
526.7978787879 0.0000000526
