4.1990000000 0.0000105167
15.5707070707 0.0000235113
26.9424141414 0.0000356482
38.3141212121 0.0000470483
49.6858282828 0.0000578254
61.0575353535 0.0000680847
72.4292424242 0.0000779207
83.8009494949 0.0000874159
95.1726565657 0.0000966406
106.5443636364 0.0001056516
117.9160707071 0.0001144925
129.2877777778 0.0001231934
140.6594848485 0.0001317713
152.0311919192 0.0001402310
163.4028989899 0.0001485653
174.7746060606 0.0001567561
186.1463131313 0.0001647760
197.5180202020 0.0001725887
208.8897272727 0.0001801513
220.2614343434 0.0001874148
231.6331414141 0.0001943267
243.0048484848 0.0002008317
254.3765555556 0.0002068737
265.7482626263 0.0002123976
277.1199696970 0.0002173505
288.4916767677 0.0002216836
299.8633838384 0.0002253535
311.2350909091 0.0002283238
322.6067979798 0.0002305662
333.9785050505 0.0002320617
345.3502121212 0.0002328017
356.7219191919 0.0002327888
368.0936262626 0.0002320375
379.4653333333 0.0002305742
390.8370404040 0.0002284378
402.2087474747 0.0002256794
413.5804545455 0.0002223617
424.9521616162 0.0002185586
436.3238686869 0.0002143538
447.6955757576 0.0002098392
459.0672828283 0.0002051136
470.4389898990 0.0002002799
481.8106969697 0.0001954427
493.1824040404 0.0001907049
504.5541111111 0.0001861641
515.9258181818 0.0001819087
527.2975252525 0.0001780129
538.6692323232 0.0001745315
550.0409393939 0.0001714943
561.4126464646 0.0001688993
