4.1990000000 0.0000105167
9.8848535354 0.0000171290
15.5707070707 0.0000235113
21.2565606061 0.0000296793
26.9424141414 0.0000356482
32.6282676768 0.0000414330
38.3141212121 0.0000470483
43.9999747475 0.0000525079
49.6858282828 0.0000578254
55.3716818182 0.0000630136
61.0575353535 0.0000680847
66.7433888889 0.0000730502
72.4292424242 0.0000779207
78.1150959596 0.0000827062
83.8009494949 0.0000874159
89.4868030303 0.0000920582
95.1726565657 0.0000966406
100.8585101010 0.0001011698
106.5443636364 0.0001056516
112.2302171717 0.0001100911
117.9160707071 0.0001144925
123.6019242424 0.0001188591
129.2877777778 0.0001231934
134.9736313131 0.0001274971
140.6594848485 0.0001317713
146.3453383838 0.0001360161
152.0311919192 0.0001402310
157.7170454545 0.0001444147
163.4028989899 0.0001485653
169.0887525253 0.0001526801
174.7746060606 0.0001567561
180.4604595960 0.0001607895
186.1463131313 0.0001647760
191.8321666667 0.0001687108
197.5180202020 0.0001725887
203.2038737374 0.0001764042
208.8897272727 0.0001801513
214.5755808081 0.0001838236
220.2614343434 0.0001874148
225.9472878788 0.0001909181
231.6331414141 0.0001943267
237.3189949495 0.0001976336
243.0048484848 0.0002008317
248.6907020202 0.0002039141
254.3765555556 0.0002068737
260.0624090909 0.0002097038
265.7482626263 0.0002123976
271.4341161616 0.0002149486
277.1199696970 0.0002173505
282.8058232323 0.0002195974
288.4916767677 0.0002216836
294.1775303030 0.0002236039
299.8633838384 0.0002253535
305.5492373737 0.0002269281
311.2350909091 0.0002283238
316.9209444444 0.0002295374
322.6067979798 0.0002305662
328.2926515152 0.0002314081
333.9785050505 0.0002320617
339.6643585859 0.0002325262
345.3502121212 0.0002328017
351.0360656566 0.0002328888
356.7219191919 0.0002327888
362.4077727273 0.0002325041
368.0936262626 0.0002320375
373.7794797980 0.0002313927
379.4653333333 0.0002305742
385.1511868687 0.0002295872
390.8370404040 0.0002284378
396.5228939394 0.0002271327
402.2087474747 0.0002256794
407.8946010101 0.0002240861
413.5804545455 0.0002223617
419.2663080808 0.0002205159
424.9521616162 0.0002185586
430.6380151515 0.0002165008
436.3238686869 0.0002143538
442.0097222222 0.0002121292
447.6955757576 0.0002098392
453.3814292929 0.0002074964
459.0672828283 0.0002051136
464.7531363636 0.0002027038
470.4389898990 0.0002002799
476.1248434343 0.0001978553
481.8106969697 0.0001954427
487.4965505051 0.0001930551
493.1824040404 0.0001907049
498.8682575758 0.0001884041
504.5541111111 0.0001861641
510.2399646465 0.0001839957
515.9258181818 0.0001819087
521.6116717172 0.0001799119
527.2975252525 0.0001780129
532.9833787879 0.0001762179
538.6692323232 0.0001745315
544.3550858586 0.0001729567
550.0409393939 0.0001714943
555.7267929293 0.0001701430
561.4126464646 0.0001688993
567.0985000000 0.0001677567
