4.0765000000 0.0000076151
9.7635909091 0.0000075290
15.4506818182 0.0000075219
21.1377727273 0.0000075630
26.8248636364 0.0000076308
32.5119545455 0.0000077118
38.1990454545 0.0000077977
43.8861363636 0.0000078845
49.5732272727 0.0000079712
55.2603181818 0.0000080586
60.9474090909 0.0000081485
66.6345000000 0.0000082435
72.3215909091 0.0000083460
78.0086818182 0.0000084584
83.6957727273 0.0000085827
89.3828636364 0.0000087204
95.0699545455 0.0000088722
100.7570454545 0.0000090387
106.4441363636 0.0000092198
112.1312272727 0.0000094148
117.8183181818 0.0000096230
123.5054090909 0.0000098433
129.1925000000 0.0000100748
134.8795909091 0.0000103162
140.5666818182 0.0000105665
146.2537727273 0.0000108250
151.9408636364 0.0000110909
157.6279545455 0.0000113640
163.3150454545 0.0000116443
169.0021363636 0.0000119320
174.6892272727 0.0000122277
180.3763181818 0.0000125323
186.0634090909 0.0000128470
191.7505000000 0.0000131731
197.4375909091 0.0000135121
203.1246818182 0.0000138654
208.8117727273 0.0000142345
214.4988636364 0.0000146209
220.1859545455 0.0000150258
225.8730454545 0.0000154501
231.5601363636 0.0000158945
237.2472272727 0.0000163591
242.9343181818 0.0000168436
248.6214090909 0.0000173473
254.3085000000 0.0000178688
259.9955909091 0.0000184061
265.6826818182 0.0000189567
271.3697727273 0.0000195172
277.0568636364 0.0000200841
282.7439545455 0.0000206529
288.4310454545 0.0000212187
294.1181363636 0.0000217764
299.8052272727 0.0000223202
305.4923181818 0.0000228443
311.1794090909 0.0000233424
316.8665000000 0.0000238086
322.5535909091 0.0000242366
328.2406818182 0.0000246207
333.9277727273 0.0000249551
339.6148636364 0.0000252348
345.3019545455 0.0000254553
350.9890454545 0.0000256126
356.6761363636 0.0000257037
362.3632272727 0.0000257264
368.0503181818 0.0000256796
373.7374090909 0.0000255633
379.4245000000 0.0000253783
385.1115909091 0.0000251268
390.7986818182 0.0000248120
396.4857727273 0.0000244382
402.1728636364 0.0000240108
407.8599545455 0.0000235361
413.5470454545 0.0000230211
419.2341363636 0.0000224735
424.9212272727 0.0000219016
430.6083181818 0.0000213138
436.2954090909 0.0000207187
441.9825000000 0.0000201245
447.6695909091 0.0000195390
453.3566818182 0.0000189695
459.0437727273 0.0000184219
464.7308636364 0.0000179011
470.4179545455 0.0000174104
476.1050454545 0.0000169515
481.7921363636 0.0000165244
487.4792272727 0.0000161269
493.1663181818 0.0000157552
498.8534090909 0.0000154040
504.5405000000 0.0000150663
510.2275909091 0.0000147343
515.9146818182 0.0000144001
521.6017727273 0.0000140562
527.2888636364 0.0000136972
532.9759545455 0.0000133209
538.6630454545 0.0000129303
544.3501363636 0.0000125361
550.0372272727 0.0000121589
555.7243181818 0.0000118332
561.4114090909 0.0000116105
567.0985000000 0.0000115643
