303.1500000000 0.0000001571
305.4321212121 0.0000001611
307.7142424242 0.0000001649
309.9963636364 0.0000001683
312.2784848485 0.0000001714
314.5606060606 0.0000001742
316.8427272727 0.0000001767
319.1248484848 0.0000001790
321.4069696970 0.0000001810
323.6890909091 0.0000001827
325.9712121212 0.0000001842
328.2533333333 0.0000001855
330.5354545455 0.0000001866
332.8175757576 0.0000001874
335.0996969697 0.0000001881
337.3818181818 0.0000001885
339.6639393939 0.0000001888
341.9460606061 0.0000001889
344.2281818182 0.0000001888
346.5103030303 0.0000001886
348.7924242424 0.0000001882
351.0745454545 0.0000001876
353.3566666667 0.0000001870
355.6387878788 0.0000001861
357.9209090909 0.0000001852
360.2030303030 0.0000001842
362.4851515152 0.0000001830
364.7672727273 0.0000001817
367.0493939394 0.0000001804
369.3315151515 0.0000001789
371.6136363636 0.0000001774
373.8957575758 0.0000001758
376.1778787879 0.0000001741
378.4600000000 0.0000001723
380.7421212121 0.0000001705
383.0242424242 0.0000001686
385.3063636364 0.0000001667
387.5884848485 0.0000001648
389.8706060606 0.0000001627
392.1527272727 0.0000001607
394.4348484848 0.0000001586
396.7169696970 0.0000001565
398.9990909091 0.0000001544
401.2812121212 0.0000001522
403.5633333333 0.0000001501
405.8454545455 0.0000001479
408.1275757576 0.0000001457
410.4096969697 0.0000001436
412.6918181818 0.0000001414
414.9739393939 0.0000001392
417.2560606061 0.0000001370
419.5381818182 0.0000001348
421.8203030303 0.0000001327
424.1024242424 0.0000001305
426.3845454545 0.0000001284
428.6666666667 0.0000001263
430.9487878788 0.0000001242
433.2309090909 0.0000001221
435.5130303030 0.0000001200
437.7951515152 0.0000001180
440.0772727273 0.0000001160
442.3593939394 0.0000001140
444.6415151515 0.0000001120
446.9236363636 0.0000001101
449.2057575758 0.0000001082
451.4878787879 0.0000001063
453.7700000000 0.0000001045
456.0521212121 0.0000001026
458.3342424242 0.0000001008
460.6163636364 0.0000000991
462.8984848485 0.0000000973
465.1806060606 0.0000000956
467.4627272727 0.0000000939
469.7448484848 0.0000000923
472.0269696970 0.0000000906
474.3090909091 0.0000000890
476.5912121212 0.0000000874
478.8733333333 0.0000000859
481.1554545455 0.0000000843
483.4375757576 0.0000000828
485.7196969697 0.0000000812
488.0018181818 0.0000000797
490.2839393939 0.0000000782
492.5660606061 0.0000000767
494.8481818182 0.0000000752
497.1303030303 0.0000000737
499.4124242424 0.0000000722
501.6945454545 0.0000000707
503.9766666667 0.0000000692
506.2587878788 0.0000000676
508.5409090909 0.0000000661
510.8230303030 0.0000000645
513.1051515152 0.0000000629
515.3872727273 0.0000000613
517.6693939394 0.0000000597
519.9515151515 0.0000000580
522.2336363636 0.0000000562
524.5157575758 0.0000000545
526.7978787879 0.0000000526
529.0800000000 0.0000000507
