4.0765000000 0.0000076151
15.4506818182 0.0000075219
26.8248636364 0.0000076308
38.1990454545 0.0000077977
49.5732272727 0.0000079712
60.9474090909 0.0000081485
72.3215909091 0.0000083460
83.6957727273 0.0000085827
95.0699545455 0.0000088722
106.4441363636 0.0000092198
117.8183181818 0.0000096230
129.1925000000 0.0000100748
140.5666818182 0.0000105665
151.9408636364 0.0000110909
163.3150454545 0.0000116443
174.6892272727 0.0000122277
186.0634090909 0.0000128470
197.4375909091 0.0000135121
208.8117727273 0.0000142345
220.1859545455 0.0000150258
231.5601363636 0.0000158945
242.9343181818 0.0000168436
254.3085000000 0.0000178688
265.6826818182 0.0000189567
277.0568636364 0.0000200841
288.4310454545 0.0000212187
299.8052272727 0.0000223202
311.1794090909 0.0000233424
322.5535909091 0.0000242366
333.9277727273 0.0000249551
345.3019545455 0.0000254553
356.6761363636 0.0000257037
368.0503181818 0.0000256796
379.4245000000 0.0000253783
390.7986818182 0.0000248120
402.1728636364 0.0000240108
413.5470454545 0.0000230211
424.9212272727 0.0000219016
436.2954090909 0.0000207187
447.6695909091 0.0000195390
459.0437727273 0.0000184219
470.4179545455 0.0000174104
481.7921363636 0.0000165244
493.1663181818 0.0000157552
504.5405000000 0.0000150663
515.9146818182 0.0000144001
527.2888636364 0.0000136972
538.6630454545 0.0000129303
550.0372272727 0.0000121589
561.4114090909 0.0000116105
