2.9455000000000000	1.616985200000000e-6
4.0875000000000010	1.616626700000000e-6
4.2245000000000000	1.616999700000000e-6
4.8815000000000000	1.617829900000000e-6
5.5650000000000010	1.618758800000000e-6
6.2975000000000000	1.619748200000000e-6
7.0410000000000000	1.621045700000000e-6
7.8045000000000000	1.622351999999999e-6
8.5835000000000010	1.623545100000000e-6
9.3829999999999990	1.625375400000000e-6
10.1890000000000000	1.626930800000000e-6
10.9965000000000000	1.628937100000000e-6
11.8220000000000000	1.630608200000000e-6
12.6495000000000000	1.632698200000000e-6
13.4590000000000000	1.634413300000000e-6
14.2580000000000000	1.636721600000000e-6
15.0375000000000000	1.638836700000000e-6
15.8535000000000000	1.641027400000000e-6
16.7175000000000000	1.643294100000000e-6
17.6150000000000000	1.645937600000000e-6
18.9305000000000000	1.652002500000000e-6
23.3810000000000000	1.669063999999999e-6
28.3595000000000000	1.692567699999999e-6
31.1665000000000000	1.701387499999999e-6
33.8435000000000000	1.711291500000000e-6
36.1290000000000000	1.720746500000000e-6
38.2135000000000100	1.729675700000000e-6
40.0985000000000000	1.736950700000000e-6
41.8705000000000000	1.744208800000000e-6
43.4865000000000000	1.751244199999999e-6
45.0160000000000000	1.757360100000000e-6
46.4455000000000000	1.764645200000000e-6
47.8350000000000000	1.769442200000000e-6
49.1655000000000000	1.775209600000000e-6
50.4110000000000000	1.781748100000000e-6
51.6175000000000000	1.786840700000000e-6
52.7475000000000000	1.792606300000000e-6
53.8710000000000000	1.798178800000000e-6
54.9555000000000000	1.803874500000000e-6
55.9690000000000000	1.808537500000000e-6
56.9625000000000000	1.813952800000000e-6
57.9560000000000000	1.819200100000000e-6
58.9210000000000000	1.824579500000000e-6
59.8735000000000000	1.830277800000000e-6
60.8060000000000000	1.835282300000000e-6
61.7390000000000000	1.840466700000000e-6
62.6595000000000000	1.846035400000000e-6
63.5545000000000000	1.851255700000000e-6
64.4415000000000000	1.856913700000000e-6
65.3345000000000100	1.862061000000000e-6
66.2140000000000000	1.867505200000000e-6
67.0800000000000000	1.872624800000000e-6
67.9525000000000000	1.878447000000000e-6
68.8125000000000000	1.884107500000000e-6
69.6624999999999900	1.889705200000000e-6
70.5025000000000000	1.895290200000000e-6
71.3330000000000000	1.901101700000000e-6
72.1624999999999900	1.906420700000000e-6
72.9869999999999900	1.912110200000000e-6
73.8010000000000000	1.918121000000000e-6
74.6155000000000000	1.923836300000000e-6
75.4184999999999900	1.929643300000000e-6
76.2200000000000000	1.935253600000000e-6
77.0210000000000000	1.941182600000000e-6
77.8100000000000000	1.947027500000000e-6
78.6025000000000100	1.952736400000000e-6
79.3860000000000000	1.958692500000000e-6
80.1775000000000000	1.964589599999999e-6
80.9605000000000000	1.970460200000000e-6
81.7385000000000000	1.976305000000000e-6
82.5100000000000000	1.982294400000000e-6
83.2865000000000000	1.987959400000000e-6
84.0610000000000100	1.993972100000000e-6
84.8310000000000000	1.999703700000000e-6
85.5939999999999900	2.005783800000000e-6
86.3655000000000000	2.012119200000000e-6
87.1350000000000000	2.017769600000000e-6
87.8960000000000000	2.023779800000000e-6
88.6640000000000000	2.029998300000000e-6
89.4250000000000000	2.035713500000000e-6
90.1800000000000100	2.041518700000000e-6
90.9430000000000000	2.047352800000000e-6
91.7060000000000000	2.053122800000000e-6
92.4665000000000000	2.058999000000000e-6
93.2215000000000000	2.064711800000000e-6
93.9745000000000000	2.070686800000000e-6
94.7275000000000000	2.076546700000000e-6
95.4875000000000000	2.082375100000000e-6
96.2405000000000000	2.088253300000000e-6
96.9980000000000000	2.094281100000000e-6
97.7495000000000000	2.099992000000000e-6
98.4960000000000000	2.105857500000000e-6
99.2400000000000000	2.111625000000000e-6
99.9865000000000000	2.117486800000000e-6
100.7400000000000000	2.123432900000000e-6
101.4800000000000000	2.129076400000000e-6
102.2200000000000000	2.134787200000000e-6
102.9600000000000000	2.140873600000000e-6
103.6950000000000000	2.146449800000000e-6
104.4300000000000000	2.152397800000000e-6
105.1700000000000000	2.158450100000000e-6
105.9150000000000000	2.164163500000000e-6
106.6450000000000000	2.169926600000000e-6
107.3750000000000000	2.175708500000000e-6
108.1050000000000000	2.181551400000000e-6
108.8300000000000000	2.186918800000000e-6
109.5500000000000000	2.193017100000000e-6
110.2750000000000000	2.198623600000000e-6
111.0000000000000000	2.204520600000000e-6
111.7200000000000000	2.210479200000000e-6
112.4500000000000000	2.216259300000000e-6
113.1700000000000000	2.222036800000000e-6
113.8900000000000000	2.227972200000000e-6
114.6100000000000000	2.233605600000000e-6
115.3300000000000000	2.239571800000000e-6
116.0500000000000000	2.245370700000000e-6
116.7700000000000000	2.251721200000000e-6
117.4950000000000000	2.257388000000000e-6
118.2100000000000000	2.263449200000000e-6
118.9250000000000000	2.269421700000000e-6
119.6450000000000000	2.275596100000000e-6
120.3550000000000000	2.281170400000000e-6
121.0650000000000000	2.287223400000000e-6
121.7750000000000000	2.292841800000000e-6
122.4850000000000000	2.299047700000000e-6
123.1950000000000000	2.304519500000000e-6
123.9000000000000000	2.310639200000000e-6
124.6050000000000000	2.316364500000000e-6
125.3150000000000000	2.322413100000000e-6
126.0200000000000000	2.328555400000000e-6
126.7200000000000000	2.334427900000000e-6
127.4200000000000000	2.340392200000000e-6
128.1300000000000000	2.346700500000000e-6
128.8250000000000000	2.352398800000000e-6
129.5150000000000000	2.358449300000000e-6
130.2100000000000000	2.364024300000000e-6
130.9100000000000000	2.370315600000000e-6
131.6050000000000000	2.376127100000000e-6
132.3000000000000000	2.382156800000000e-6
133.0000000000000000	2.388282800000000e-6
133.6950000000000000	2.394429500000000e-6
134.3850000000000000	2.400157300000000e-6
135.0750000000000000	2.406324800000000e-6
135.7650000000000000	2.411947600000000e-6
136.4550000000000000	2.418208100000000e-6
137.1450000000000000	2.424308900000000e-6
137.8350000000000000	2.430460000000000e-6
138.5250000000000000	2.436287800000000e-6
139.2100000000000000	2.442424500000000e-6
139.8900000000000000	2.448552300000000e-6
140.5700000000000000	2.454458100000000e-6
141.2500000000000000	2.460338800000000e-6
141.9300000000000000	2.466708200000000e-6
142.6100000000000000	2.472286900000000e-6
143.2900000000000000	2.478601600000000e-6
143.9700000000000000	2.484735700000000e-6
144.6500000000000000	2.490842800000000e-6
145.3300000000000000	2.496809600000000e-6
146.0050000000000000	2.503069500000000e-6
146.6750000000000000	2.509034500000000e-6
147.3500000000000000	2.515420200000000e-6
148.0250000000000000	2.520724100000000e-6
148.6950000000000000	2.527055700000000e-6
149.3650000000000000	2.532867200000000e-6
150.0400000000000000	2.539127100000000e-6
150.7150000000000000	2.545477600000000e-6
151.3850000000000000	2.551735600000000e-6
152.0500000000000000	2.557897400000000e-6
152.7150000000000000	2.563683700000000e-6
153.3800000000000000	2.569987700000000e-6
154.0400000000000000	2.575826200000000e-6
154.7050000000000000	2.582422000000000e-6
155.3700000000000000	2.588168700000000e-6
156.0300000000000000	2.594524799999999e-6
156.6900000000000000	2.600617399999999e-6
157.3500000000000000	2.606703800000000e-6
158.0100000000000000	2.612806499999999e-6
158.6700000000000000	2.619286500000000e-6
159.3250000000000000	2.625146400000000e-6
159.9800000000000000	2.631651600000000e-6
160.6300000000000000	2.635876300000000e-6
161.2750000000000000	2.642871999999999e-6
161.9250000000000000	2.649503700000000e-6
162.5750000000000000	2.656159800000000e-6
163.2250000000000000	2.662309000000000e-6
163.8750000000000000	2.668914900000000e-6
164.5250000000000000	2.674558400000000e-6
165.1750000000000000	2.681166799999999e-6
165.8200000000000000	2.686963800000000e-6
166.4600000000000000	2.693391600000000e-6
167.1050000000000000	2.699253400000000e-6
167.7500000000000000	2.705645400000000e-6
168.3950000000000000	2.711784000000000e-6
169.0400000000000000	2.717987299999999e-6
169.6800000000000000	2.723947800000000e-6
170.3200000000000000	2.730528500000000e-6
170.9600000000000000	2.736470200000000e-6
171.6000000000000000	2.742531300000000e-6
172.2400000000000000	2.748665500000000e-6
172.8800000000000000	2.755085100000000e-6
173.5200000000000000	2.761063899999999e-6
174.1600000000000000	2.767441400000000e-6
174.8000000000000000	2.773393800000000e-6
175.4350000000000000	2.779873900000000e-6
176.0700000000000000	2.785767100000000e-6
176.7050000000000000	2.792262200000000e-6
177.3350000000000000	2.797973100000000e-6
177.9650000000000000	2.804434299999999e-6
178.5950000000000000	2.810417499999999e-6
179.2250000000000000	2.816755400000000e-6
179.8550000000000000	2.822845500000000e-6
180.4850000000000000	2.829103500000000e-6
181.1150000000000000	2.834961500000000e-6
181.7450000000000000	2.841235899999999e-6
182.3750000000000000	2.847259300000000e-6
183.0050000000000000	2.853884000000000e-6
183.6350000000000000	2.859896800000000e-6
184.2600000000000000	2.866135899999999e-6
184.8800000000000000	2.872148700000000e-6
185.5000000000000000	2.878130000000000e-6
186.1200000000000000	2.884262200000000e-6
186.7400000000000000	2.890485000000000e-6
187.3600000000000000	2.896566900000000e-6
187.9800000000000000	2.902923100000000e-6
188.6000000000000000	2.908967300000000e-6
189.2200000000000000	2.914923400000000e-6
189.8400000000000000	2.921272000000000e-6
190.4600000000000000	2.927398000000000e-6
191.0750000000000000	2.933806900000000e-6
191.6900000000000000	2.939500800000000e-6
192.3050000000000000	2.946008499999999e-6
192.9200000000000000	2.951870300000000e-6
193.5350000000000000	2.958216400000000e-6
194.1450000000000000	2.964367500000000e-6
194.7550000000000000	2.970594100000000e-6
195.3650000000000000	2.976407500000000e-6
195.9750000000000000	2.982619600000000e-6
196.5850000000000000	2.988527300000000e-6
197.1950000000000000	2.995204800000000e-6
197.8050000000000000	3.000799999999999e-6
198.4150000000000000	3.007498200000000e-6
199.0250000000000000	3.013433600000000e-6
199.6300000000000000	3.019930700000000e-6
200.7350000000000000	3.030863700000000e-6
201.8400000000000000	3.042251999999999e-6
202.9400000000000000	3.053113900000000e-6
204.0400000000000000	3.064602899999999e-6
205.1400000000000000	3.075735300000000e-6
206.2400000000000000	3.087347600000000e-6
207.3400000000000000	3.098257899999999e-6
208.4400000000000000	3.109914200000000e-6
209.5400000000000000	3.120853500000000e-6
210.6350000000000000	3.132520500000000e-6
211.7250000000000000	3.143539700000000e-6
212.8150000000000000	3.154829300000000e-6
213.9050000000000000	3.166079300000000e-6
214.9950000000000000	3.177593400000000e-6
216.0850000000000000	3.188518200000000e-6
217.1750000000000000	3.200138700000000e-6
218.2600000000000000	3.211248400000000e-6
219.3400000000000000	3.222464400000000e-6
220.4200000000000000	3.233554700000000e-6
221.5000000000000000	3.244836100000000e-6
222.5800000000000000	3.256004300000000e-6
223.6600000000000000	3.267436100000000e-6
224.7400000000000000	3.278615000000000e-6
225.8200000000000000	3.289929800000000e-6
226.8950000000000000	3.300839500000000e-6
227.9700000000000000	3.312298900000000e-6
229.0450000000000000	3.323366500000000e-6
230.1150000000000000	3.334471899999999e-6
231.1850000000000000	3.345736300000000e-6
232.2550000000000000	3.357021500000000e-6
233.3250000000000000	3.368034400000000e-6
234.3950000000000000	3.379391300000000e-6
235.4600000000000000	3.390399800000000e-6
236.5200000000000000	3.401695700000000e-6
237.5800000000000000	3.412777800000000e-6
238.6400000000000000	3.424344100000000e-6
239.7000000000000000	3.435331800000000e-6
240.7600000000000000	3.446550400000000e-6
241.8200000000000000	3.457653200000000e-6
242.8800000000000000	3.469070500000000e-6
243.9350000000000000	3.479894699999999e-6
244.9850000000000000	3.491341499999999e-6
246.0350000000000000	3.502314800000000e-6
247.0850000000000000	3.513684300000000e-6
248.1350000000000000	3.524260600000000e-6
249.1850000000000000	3.535667900000000e-6
250.2300000000000000	3.546688900000000e-6
251.2850000000000000	3.557745800000000e-6
252.3300000000000000	3.568576299999999e-6
253.3750000000000000	3.579480400000000e-6
254.4200000000000000	3.590455500000000e-6
255.4600000000000000	3.601696700000000e-6
256.5000000000000000	3.612418400000000e-6
257.5400000000000000	3.623609200000000e-6
258.5800000000000000	3.634030900000000e-6
259.6200000000000000	3.645218000000000e-6
260.6600000000000000	3.655920800000000e-6
261.7000000000000000	3.666776400000000e-6
262.7350000000000000	3.677705000000000e-6
263.7650000000000000	3.688426700000000e-6
264.7950000000000000	3.699137700000000e-6
265.8250000000000000	3.709953700000000e-6
266.8550000000000000	3.720655900000000e-6
267.8800000000000000	3.731604000000000e-6
268.9050000000000000	3.742256500000000e-6
269.9300000000000000	3.753219000000000e-6
270.9500000000000000	3.763782800000000e-6
271.9700000000000000	3.774730900000000e-6
272.9900000000000000	3.785544400000000e-6
274.0100000000000000	3.796295700000000e-6
275.0300000000000000	3.807058800000000e-6
276.0500000000000000	3.818051000000000e-6
277.0700000000000000	3.828757500000000e-6
278.0850000000000000	3.840026400000000e-6
279.0950000000000000	3.850360000000000e-6
280.1050000000000000	3.861699900000000e-6
281.1150000000000000	3.872285100000000e-6
282.1250000000000000	3.883165900000000e-6
283.1350000000000000	3.893954300000000e-6
284.1450000000000000	3.905317500000000e-6
285.1550000000000000	3.916101400000000e-6
286.1600000000000000	3.927271500000000e-6
287.1600000000000000	3.937544800000000e-6
288.1600000000000000	3.948477800000000e-6
289.1600000000000000	3.958916400000000e-6
290.1600000000000000	3.969566400000000e-6
291.1600000000000000	3.980139000000000e-6
292.1600000000000000	3.990625400000000e-6
293.1600000000000000	4.001081100000000e-6
294.1600000000000000	4.011707799999999e-6
302.0468500000000000	4.025086000000000e-6
326.5535200000000000	4.245508000000000e-6
372.2888000000000000	4.628437000000000e-6
420.1539000000000000	4.899794000000000e-6
467.8921000000000000	5.027233999999999e-6
516.1307999999999000	4.970016000000000e-6