4.20 10.52
9.88 17.13
15.57 23.51
21.26 29.68
26.94 35.65
32.63 41.43
38.31 47.05
44.00 52.51
49.69 57.83
55.37 63.01
61.06 68.08
66.74 73.05
72.43 77.92
78.12 82.71
83.80 87.42
89.49 92.06
95.17 96.64
100.86 101.17
106.54 105.65
112.23 110.09
117.92 114.49
123.60 118.86
129.29 123.19
134.97 127.50
140.66 131.77
146.35 136.02
152.03 140.23
157.72 144.41
163.40 148.57
169.09 152.68
174.77 156.76
180.46 160.79
186.15 164.78
191.83 168.71
197.52 172.59
203.20 176.40
208.89 180.15
214.58 183.82
220.26 187.41
225.95 190.92
231.63 194.33
237.32 197.63
243.00 200.83
248.69 203.91
254.38 206.87
260.06 209.70
265.75 212.40
271.43 214.95
277.12 217.35
282.81 219.60
288.49 221.68
294.18 223.60
299.86 225.35
305.55 226.93
311.24 228.32
316.92 229.54
322.61 230.57
328.29 231.41
333.98 232.06
339.66 232.53
345.35 232.80
351.04 232.89
356.72 232.79
362.41 232.50
368.09 232.04
373.78 231.39
379.47 230.57
385.15 229.59
390.84 228.44
396.52 227.13
402.21 225.68
407.89 224.09
413.58 222.36
419.27 220.52
424.95 218.56
430.64 216.50
436.32 214.35
442.01 212.13
447.70 209.84
453.38 207.50
459.07 205.11
464.75 202.70
470.44 200.28
476.12 197.86
481.81 195.44
487.50 193.06
493.18 190.70
498.87 188.40
504.55 186.16
510.24 184.00
515.93 181.91
521.61 179.91
527.30 178.01
532.98 176.22
538.67 174.53
544.36 172.96
550.04 171.49
555.73 170.14
561.41 168.90
567.10 167.76
